Bifidobacterium vaginale group,Lactobacillus crispatus group,Lactobacillus gasseri group,Lactobacillus iners group,Lactobacillus jensenii group,"Bifidobacterium breve group,Prevotella bivia group,Prevotella timonensis group","Megasphaera,Prevotella bivia group,Prevotella timonensis group,Sneathia",Clostridium,"Streptococcus,Veillonella",sample_id
2.133830253435417e-6,0.9975595174066936,2.133830266409869e-6,5.70333276498448e-4,2.133830324879864e-6,2.1338303486379994e-6,0.0018573463333936187,2.1338302967979817e-6,2.1338319242473505e-6,s1
9.459862880058569e-6,0.5241705086428383,9.459863003721893e-6,9.459862865908543e-6,9.459863361987964e-6,0.17427300791792502,9.459880302923166e-6,9.459865215780522e-6,0.3014997242416063,s10
7.386392027634834e-4,0.9198802059662001,2.9866445166428595e-6,0.0010225773384767375,0.008359747414330484,0.0235423055879282,0.003525903416479686,0.04077237142438681,0.0021552630049178913,s100
5.862731648319424e-4,0.473095402561789,1.1909558207210494e-6,0.4935872798373473,1.1909556247862635e-6,0.02504280813951027,4.18782703871099e-4,1.190956176696872e-6,0.007265880725028229,s1007
0.8028566627421813,7.248351200231218e-4,1.2472316416875936e-6,2.2648076041853138e-4,1.2472316808440705e-6,0.1722037680457437,2.1862122845812287e-4,1.2472317376811849e-6,0.023765890408115126,s1009
0.001183232797463119,0.7754771644139474,2.9145578316085365e-6,0.1891649288208125,0.02864102543505074,2.914564738893708e-6,2.9145615488341926e-6,2.9145554837988397e-6,0.005521990293123077,s101
2.2736709888359073e-6,0.993128855525264,2.273671105591307e-6,7.769826820571105e-4,0.006080519762470579,2.2736734155187265e-6,2.273672453567393e-6,2.2736710060341596e-6,2.2736712388338717e-6,s1015
2.0949044481644494e-6,3.866100095426783e-4,2.0948999387814015e-6,0.8930176662491304,0.10626143802427518,2.0949047581263453e-6,2.3365729107737996e-4,2.0949000525832176e-6,9.224881677667315e-5,s102
0.1878128937646239,0.8096723404650791,1.9985324076411234e-6,0.0011071179676316971,1.998532261210596e-6,0.0013976551338503052,1.9985379056192757e-6,1.9985321307831314e-6,1.998534109771267e-6,s1021
4.013896049196962e-6,0.998067538244823,4.013896710736434e-6,0.0013234310115617638,4.0138960391010954e-6,5.849473532493941e-4,4.01390443419155e-6,4.0138959466048655e-6,4.013901185940376e-6,s1025
1.7452436057787076e-6,9.3921215198532e-4,1.7452436032607059e-6,0.9338744442722151,0.06517587211188551,1.7452447571907828e-6,1.7452445044920655e-6,1.7452436200479339e-6,1.7452438232394997e-6,s1027
0.8353397493606773,3.6342074799858726e-4,0.1642820504303838,2.4632425615298594e-6,2.4632425720787146e-6,2.463244432816621e-6,2.46324574525432e-6,2.463242569466519e-6,2.4632430591470797e-6,s103
2.1852303297719745e-6,0.9612553402290889,2.1852279191465477e-6,2.185227220169319e-6,2.185227292625557e-6,8.557002426459174e-4,1.318255772524137e-4,5.627237525277527e-4,0.03718566928572342,s1033
0.2593180649351159,0.0016255645200268696,7.975611585446263e-6,7.97561153494954e-6,7.975611823886165e-6,0.07938271271343929,0.6596337797607525,7.975612912245458e-6,7.975622808961017e-6,s1034
0.463614631116945,0.001006526570954703,1.9148993954508677e-6,4.379539596112857e-4,1.914899394520432e-6,1.9149031649746856e-6,0.5349313138505424,1.9148994935795673e-6,1.9149004981916137e-6,s1039
2.9123040138538318e-6,0.8504159760406635,2.912304301549042e-6,0.10385430535272398,0.012364029112113923,0.010034629046351242,0.006325833436385206,2.912305856590153e-6,0.016996490097590092,s104
1.8609691703196338e-6,4.909288552845347e-4,1.8609692854114438e-6,0.9850520231818807,1.8609693226202786e-6,0.009863728137910763,1.8609712338011187e-6,1.8609698031314194e-6,0.0045840149761087225,s1047
1.9951827604857104e-6,0.9679544084215687,1.995182853853621e-6,3.2705948777353693e-4,1.9951828697372553e-6,1.995185446787834e-6,1.995182757860187e-6,0.025764571936690486,0.005943984237278663,s106
2.1320202596780588e-6,0.991694738109231,3.5590113746339174e-4,0.0030678779658342295,0.004553033514330996,2.13202348148317e-6,3.1992118740901824e-4,2.1320203472051792e-6,2.132021642909572e-6,s107
2.3076910642531597e-6,2.3076910644066645e-6,2.30769106406455e-6,0.9820250033933716,2.3076910642820253e-6,2.3076912109571854e-6,2.3076911901411046e-6,0.017958842768903593,2.307691066616386e-6,s1074
1.2496085695852473e-5,1.2496085656329784e-5,0.8408909900680881,1.2496085546090973e-5,1.2496086220756516e-5,0.0037382114935802365,0.08673174602472132,1.2496092921256598e-5,0.06857657197757004,s1077
6.547392360236272e-4,0.7356850815014089,2.2719203327801253e-06,0.0015851429913591568,0.25656992677519397,2.271925038192669e-6,0.005389463999161528,2.2719203498079684e-6,1.0882973113206342e-4,s108
0.0029170581266319395,0.9870219983570923,1.808594576077363e-6,1.8085943716964279e-6,0.009437101187029019,1.808594348267655e-6,1.8085944539947354e-6,6.147993562779238e-4,1.8085952188792595e-6,s1084
7.646688482001488e-6,0.37141190647483185,7.64669058152747e-6,0.6113012219461318,0.009866349006357942,7.646714175348923e-6,0.00252059394905359,0.0017804521848351496,0.00309653634555086,s109
2.381384001335884e-6,0.9999809489271351,2.3813840662936483e-6,2.3813840226397166e-6,2.381384057295201e-6,2.381384164610023e-6,2.38138452730376e-6,2.3813840087290343e-6,2.3813840167138262e-6,s11
2.37947846999371e-4,0.0010742854270469938,3.166415173039222e-6,0.8608663459293981,0.12393140353151859,0.007271826654515184,3.1664212643655357e-6,0.0066086913518397655,3.166422244548712e-6,s110
1.5575756262074636e-6,0.782250849657325,1.5575753102142552e-6,6.041954739400147e-4,1.557575037737544e-6,0.06958181904575463,0.12749894423629876,1.5575755415107804e-6,0.02005796128516596,s1101
1.128303548058777e-6,0.7510829971883651,1.1283035762401765e-6,1.1283035299829344e-6,0.004642338008376763,0.1552479562866355,0.045265443057789984,1.1283038072341421e-6,0.04375675224437105,s1102
0.003809669113098248,0.807430591051057,0.005234379166490479,8.386903541296424e-4,0.005391634778301978,0.12138192290928133,0.013373793869219547,0.022045997670860164,0.02049332108756167,s1107
2.7402117766450843e-4,7.56646183061215e-4,3.045895844954057e-6,0.9935927012101367,3.0458960161010513e-6,0.0013896793513995564,3.0459037105430795e-6,3.0458963129691286e-6,0.003974768485853567,s111
0.001766406922685368,0.8050280439470701,2.986645214833137e-6,0.026286884218571796,0.014061419267324736,0.11072007124454092,2.9866551638672294e-6,0.011923039604508912,0.030208161494919554,s1118
0.6813527257638305,8.961715658100938e-4,3.553396499343035e-6,4.113831161433205e-4,3.5533963334668772e-6,3.5534028251281045e-6,0.30634124881420066,3.5533970890133442e-6,0.010984257147268382,s1119
7.473216815706212e-6,0.01582194769021159,0.008333703339321518,0.0014471478517076879,7.473217219985017e-6,0.9653450331315115,7.473217456549069e-6,0.004424462587441113,0.004605285748314282,s112
1.7224743898966466e-6,0.6872293233483598,1.7224744082898097e-6,0.27967211653276997,0.01833279013158743,0.009788146522732747,4.757311420682013e-4,1.722474788066066e-6,0.004496724898895666,s1120
2.072254197147556e-6,0.9738506785453461,2.072254178530424e-6,2.0722541955708286e-6,0.016322914196180954,0.0017307466330118188,0.0012033345442592734,0.006884037063451545,2.072255178957577e-6,s113
2.672590330248672e-6,0.0010633560977957918,0.45669011698622114,0.34772092416141465,2.67259039693317e-6,2.6725919829369616e-6,2.6725911142658843e-6,0.1945122397993195,2.672591424518443e-6,s114
0.003941765380640091,0.7776935759287074,0.21263254141852586,0.0051060590230432076,8.249009005451626e-6,8.249042977949382e-6,5.930621530194702e-4,8.249008991422471e-6,8.24903508924052e-6,s115
2.1121788853368115e-6,0.9551582992097783,2.112178917942805e-6,2.1121789042744675e-6,0.0027682442119885435,2.1121808667054875e-6,2.112178958767686e-6,0.04206078350175534,2.112179944730621e-6,s116
2.5439012982392137e-5,0.4192862928798213,2.54390086722545e-5,0.36525227800858706,2.5439015173316672e-5,0.013192211444497733,2.5439041137755574e-5,2.543903043650641e-5,0.2021420225586917,s1161
0.23827417014181682,4.646888834070194e-4,1.8189199061545004e-6,1.7665426541010136e-4,1.8189198790217665e-6,1.8189258372934784e-6,0.7610753921027925,1.8189199101319638e-6,1.8189210408923534e-6,s117
0.055403802562870454,0.717921033305444,2.4989822009609995e-6,0.10280796878297166,0.013681782268816382,0.005465609209731357,0.076422327922537725,2.49898284527164e-6,0.028292477982582238,s1174
3.9082524587285725e-6,0.46698349099783326,3.908252660316433e-6,0.013117281004389544,3.9082524727363205e-6,3.908266578075294e-6,3.908263583937347e-6,3.9082527279164105e-6,0.5198757784572955,s118
2.147130705520537e-6,0.3773958963145403,2.147130584856702e-6,2.1471306148861337e-6,2.1471306816007746e-6,0.48437877679186486,0.1308954337786345,0.00627450931633333,0.0010467952760402082,s1189
0.5773619228233229,6.2439276773257e-4,2.302836185329904e-6,0.09074121442181839,2.302836004765975e-6,0.06953216329535628,0.2610804738133953,2.302836132755825e-6,6.529243700518563e-4,s119
8.095495669603975e-6,8.095494275772798e-6,0.5687978028727434,8.095494290510906e-6,8.095494950771436e-6,0.005732068294427805,0.16525333219058122,0.26017631914779077,8.095515270218338e-6,s12
7.130036815265393e-4,0.9583259615563966,0.014560806854890125,8.315111626947812e-4,3.1112500535375044e-6,0.01606742896696478,0.009491954025926685,3.1112502694318548e-6,3.1112512774610014e-6,s120
0.03196979652746616,8.247334113461566e-4,2.969784193580618e-6,0.966532287579707,2.9697837904707667e-6,2.969784332621417e-6,6.583335597975176e-4,2.9697838334699458e-6,2.9697855330782034e-6,s121
0.00424980051753631,0.9741239127859954,5.819213283092357e-6,5.819211417101901e-6,0.01343671399180439,0.006165795996660638,5.819226030080191e-6,5.81921255664458e-6,0.0020004998447163192,s122
3.503682907594518e-6,0.9297739264710067,0.0032324134188220074,0.0027743269843834026,3.5036782153492985e-6,0.0019316110733529543,0.003041040353574341,0.059236170647946576,3.5036897911697263e-6,s123
1.5460450220053534e-6,0.0019629149382470092,0.01763859124344398,0.8618388916132291,1.5460424194791444e-6,0.06157768187290529,2.523667976671275e-4,1.54604300622257e-6,0.05672491540405976,s1230
0.01818386658409588,0.4644909925322887,2.3541226584661183e-6,7.714709798673289e-4,0.25359806560063236,0.19551742688875293,0.06683089105519795,2.354122687330871e-6,6.025781138190233e-4,s124
2.8338612889143647e-6,0.8840728958168059,2.8338613745087127e-6,2.447243421071137e-4,2.833861359099589e-6,2.8338623045016385e-6,2.8338621996081975e-6,0.11566537667046171,2.8338620985330095e-6,s125
1.958955474605817e-6,0.9976228910677719,0.0010719486050518685,3.487642834945846e-4,2.334816443127151e-4,7.150785733025823e-4,1.958959495782342e-6,1.958955486315505e-6,1.9589556097850738e-6,s126
3.9781303339052604e-6,0.7632553504068192,0.028847107662979023,0.08213084828403316,0.02144405561185494,3.9781452153509565e-6,0.01107988507264922,0.07841521873780448,0.014819577948310734,s127
1.9286411141089918e-5,1.9286411992283047e-5,1.9286413127922593e-5,0.612624185877527,0.38270817212813835,1.928643798769093e-5,1.928641608419692e-5,1.9286412928015753e-5,0.004551923491073338,s1272
3.0907034681467537e-6,0.9772529479532946,3.0907034907198417e-6,0.0013288980692425152,0.016804818460743498,3.0907038241205987e-6,3.090703480619315e-6,0.004316952089561289,2.840206128943758e-4,s128
2.2225866928675537e-6,0.9799412207927011,2.987720407067779e-4,2.222586684474994e-6,2.222586759912782e-6,0.004136323253365728,2.2225917100806696e-6,2.2225868341933806e-6,0.015612570974544946,s129
1.4263789662871505e-5,0.026865653960083353,1.4263772005785568e-5,0.14752001098336953,1.4263751499945652e-5,0.074916384071924,0.7506266321154379,1.4263753570640274e-5,1.4263802445919947e-5,s13
3.693466847349609e-4,0.0431667027648763,4.483485097393655e-4,0.9500135702647464,6.793826383563704e-4,0.003940608297149819,1.862247692344343e-4,9.298990026171825e-4,2.659170685452152e-4,s130
1.1724573230451103e-6,6.328691148177825e-4,1.1724573283021193e-6,0.9987634091059459,1.1724573403072744e-6,1.1724601997164316e-6,1.1724591100477793e-6,1.1724573506288424e-6,5.9668703058427e-4,s131
3.0213503705753494e-6,0.972197486346617,0.0012566339355377636,3.02135033939347e-6,1.3855187107991528e-4,0.0012116303344900086,3.021355541609115e-6,0.024166029640082822,0.0010206038159408918,s132
1.6328686854947385e-6,0.8517905235436758,0.002367776237160378,0.025826725380587407,1.6328687189263551e-6,0.037867393407207614,1.6328695449368986e-6,1.6328699468594218e-6,0.0821410499544726,s1328
0.002622929781442162,0.030963678656359586,3.9778976062858e-6,0.9372368661577015,0.02716688707510187,3.977912084743142e-6,3.6617016838449057e-4,3.9778972708015635e-6,0.0016315344540486275,s133
3.638365355052574e-6,5.329219212052857e-4,0.009186886314907914,0.9830791771180195,0.005421233712591142,0.00176522745540687,3.6383774531709927e-6,3.6383661739338167e-6,3.638368887080558e-6,s134
0.005592890323873366,0.9759386692128144,7.116625935129762e-6,9.56306163517933e-4,0.017476551158634265,7.116629721626977e-6,7.116628549832909e-6,7.116626623108133e-6,7.116630330316273e-6,s135
0.03156890845596635,0.0019859394196163923,0.9656834914296814,1.1174991419764009e-5,1.1174991750694377e-5,7.057857128484922e-4,1.117501041177172e-5,1.1174991877400878e-5,1.1174996427718783e-5,s136
3.118116918861695e-6,5.506327942561034e-4,0.03375631265066333,3.118111920524478e-6,3.11811211779918e-6,0.8937509361083892,8.480143780096087e-4,3.1181125230577258e-6,0.07108163161520153,s1364
2.599693611066246e-6,0.9745195853175964,2.599693005549147e-6,0.011650558610619742,2.5996931391108813e-6,0.009129216395829472,0.001339330658031039,2.599693450923362e-6,0.003350910244716691,s1365
5.284079397208542e-6,0.9347044440617838,0.0045731902475917765,0.03365543013057464,0.007127584832296283,0.004588424496100318,0.011210236678513666,0.004130121383088441,5.284090653946202e-6,s1368
0.008534686863242606,0.785339004145375,2.5577561343244176e-6,0.16394440673598723,0.03083111533177338,0.008366999308582155,0.002976114344825211,2.557755961887943e-6,2.5577581180899543e-6,s1369
8.367539176361795e-4,0.0010861731979563275,2.1964731190977904e-6,0.94167506260649,0.01693100114372488,0.0030653065012451737,0.0010116623604365178,2.196473697180754e-6,0.03538964732569464,s137
1.0359549291132167e-5,0.9564790604691318,1.035955059060638e-5,1.0359549648691237e-5,0.001122915540422087,0.01878373384523636,1.0359574668374424e-5,1.0359553208884367e-5,0.023562492367802137,s1372
2.41786850271099e-6,4.2491044307395136e-4,0.0013891562172767197,0.9970583393180446,2.417868761159929e-6,0.0011155046736651183,2.417870342740918e-6,2.4178692272362646e-6,2.417871105701283e-6,s1374
0.2750497823553141,0.021865827056016116,0.002901902218956752,0.5751801014857728,0.08728551848495188,0.013893314057238664,2.2301916949071926e-6,2.2301837636524783e-6,0.023819093966291126,s1379
0.15480583068163728,0.5423754081155819,0.2522168737704038,5.520348501879025e-4,4.088869938295087e-6,0.03540499617629879,2.0879009590102414e-4,4.088870892624167e-6,0.014427888569158404,s138
3.257619434353528e-6,0.09425695843553879,3.2576154983581552e-6,3.257615412673056e-6,0.2636551871256744,0.30417545595948475,3.257623185070207e-6,3.2576167965378645e-6,0.33789611038897505,s1382
3.897673047447516e-4,0.0012403128863935728,3.3537277251786565e-6,0.9883087786134325,0.009447842957639953,3.353743591985191e-6,5.998833048038911e-4,3.353728353257714e-6,3.3537333149716485e-6,s1383
8.349840992082697e-4,0.8053837746030669,0.0023239247693752226,0.1827598021932392,0.006171712867636427,0.001998419129159121,2.6582527945925636e-6,2.6582482907187357e-6,5.220658372296674e-4,s139
0.04466368217109391,0.483178179034029,1.6542028368391264e-6,1.6542028303395483e-6,0.47214821357776904,1.6542028277465767e-6,1.6542029310647585e-6,1.6542028266928612e-6,1.6542028554790893e-6,s1390
0.22732870125333163,5.061029582128969e-6,0.7711580649290434,5.06102954037356e-6,5.061029989056364e-6,0.0014828676189890136,5.061041338708407e-6,5.061031003722022e-6,5.06103718202128e-6,s1395
0.001634024872641282,6.810946980249099e-6,6.810922592122487e-6,0.015469547452348336,6.810921807435512e-6,6.810942323750862e-6,6.810932286722032e-6,6.8109218508818966e-6,0.9828555620871693,s1397
3.3380702962328435e-6,0.006418783498168302,3.3380560140979206e-6,0.8327484079743157,0.04227348859273249,0.023750340385086013,0.026907634277674747,3.338056840256581e-6,0.0678913310888721,s1398
0.005172422312593562,0.973687201215924,2.7996065727898938e-6,2.799606570013959e-6,0.002120434809910246,0.01900594362234059,2.799611717449948e-6,2.799606772480063e-6,2.7996075989618606e-6,s14
3.7390726814867865e-4,0.9629654012307177,2.468619177520147e-6,0.004114517014603128,0.006172880518716813,2.4686249683889972e-6,2.468619090091038e-6,0.02198325001185698,0.004382638092720629,s140
1.7811072539889946e-4,0.9511694106448341,2.368253391292767e-6,0.02349036446657738,0.012086425777169296,0.0010207183197568019,2.3682554867791364e-6,0.012047865298755142,2.3682586303356926e-6,s1409
3.2530882019167274e-6,0.9513498143117776,0.0011535207171406673,3.2530867884591357e-6,3.2530872162378706e-6,0.0027300967885512508,3.2530906131420775e-6,3.253088871189532e-6,0.04475030274083954,s141
3.739410887739129e-6,0.2662103615849388,3.7394108922215583e-6,0.651109192170386,3.7394109390674777e-6,1.6936354965469138e-4,3.7394175859798374e-6,0.08219672364710479,2.994013976106784e-4,s1413
2.147131114666296e-6,5.280523223017483e-4,2.147131124960594e-6,0.9023810131652213,0.07624397908244904,0.013682964534930099,0.0017253304898257815,2.1471312935080885e-6,0.005432219011738817,s142
1.3811039998157605e-6,1.3811038178838526e-6,0.00325912350650495,0.8963333549064498,1.3811038794697526e-6,0.08398924617060277,0.00421970193161639,1.3811042039097863e-6,0.01219304906892505,s1421
7.170012207709944e-6,7.170012408116496e-6,7.17001227399935e-6,0.9544884066148855,0.04356998459574175,7.170041738479538e-6,7.170032009372774e-6,7.170013252049642e-6,0.0018985886654829178,s1422
3.085504097817865e-6,0.9665473965105609,4.697607404040156e-4,3.0855041177372617e-6,3.0855044400079324e-6,0.01973631877721178,5.27666284029203e-4,3.0855053011286207e-6,0.012706515669837423,s143
4.515779349147728e-6,0.9524688249205261,0.002650874413478643,4.515779409173099e-6,4.515779696153493e-6,0.007156660927188425,3.606826599901279e-4,0.03705207173691383,2.9733800344835805e-4,s1430
0.6870482428931872,0.0015011843541064634,4.4450851004820166e-6,0.001694872989508221,4.4450853230143236e-6,0.26414180878186266,2.6192727451605725e-4,0.011550231402797888,0.033792842133598094,s144
4.299483511439123e-6,9.435278331264542e-4,4.299483534900943e-6,0.8875285264705254,0.11034128906891275,0.0011651591993859269,4.299489141696103e-6,4.299484040674413e-6,4.299487820753032e-6,s145
0.43047621756551535,3.856628727954332e-4,2.5635533271565915e-6,0.001062263710777079,2.5635531105707205e-6,0.02087771808453075,0.5462800622297557,2.563553636316603e-6,9.103848765516512e-4,s1456
8.135926743942225e-4,0.6535776001600236,3.0594911553097857e-6,0.30539793909623836,0.03146945777812076,3.0594948686596567e-6,5.275520997657305e-4,0.008204679713678735,3.0594917546328823e-6,s146
3.1956414545592893e-6,0.7366446167514008,0.02638869153409883,3.195640497866091e-6,0.13733978904760707,0.060360545306650915,3.195643050341896e-6,0.020243311878205005,0.019013458557034624,s1461
0.3284267009701148,5.545765572421455e-6,5.5457656836648315e-6,0.02750018817221827,5.545765949262381e-6,0.008464790316356514,0.6355805917007215,5.545766899847677e-6,5.5457764837332085e-6,s1466
3.8938542620514687e-4,0.0016593778731659441,4.328829386642983e-6,0.9669606279460716,4.328829506110539e-6,4.328843160734722e-6,4.328838757795055e-6,0.030968964581852707,4.32883189330877e-6,s147
2.766396902534784e-6,0.793446983552262,0.002091466076283808,2.7663956845837123e-6,0.008825134832501361,0.1135633972842488,0.07189729644506945,0.008901916033137842,0.0012682729839095727,s1476
3.3580425864363617e-6,0.9713466678808179,3.358042782324026e-6,0.016273874596642805,0.0065028207033332045,0.0034962356201096423,4.585732651578897e-4,3.358043846030656e-6,0.0019117538047236488,s148
0.4248372677597537,2.7075657167911473e-6,2.707565983938162e-6,0.23817084857733126,2.70756572255244e-6,2.7075677252651415e-6,0.3369756382654951,2.7075658145774613e-6,2.7075664567757954e-6,s1488
0.04586992455618801,0.357097197635546,0.09471557445116897,4.433010863438427e-4,0.00975936779192558,0.45846893847867715,2.9833715435939873e-6,0.03363972925734752,2.9833712594220678e-6,s149
0.001705398752291424,0.9953175466672355,2.471226093794461e-6,0.0012539589257097813,2.471226080846923e-6,6.982199257318341e-4,3.398000446428454e-4,2.471226475407977e-6,6.776620057385436e-4,s1497
7.842905815632155e-6,0.12842611239811916,7.84288785184442e-6,0.37334585948719035,7.842878863201824e-6,0.018389286289928215,0.4736425520187597,7.842879204616748e-6,0.006164818254267349,s15
0.007657931288775636,0.963090217886141,1.2452519119129057e-5,0.0013086206987815386,1.2452517990109715e-5,0.015526800061751039,1.2452565549713728e-5,1.2452518970158248e-5,0.012366619942921696,s150
0.07425667511149532,0.17562902187008123,0.15424492785215063,0.5775002831226637,0.016131051249108918,0.0022293467794221953,2.898007416146161e-6,2.898002075394249e-6,2.8980055864543707e-6,s1507
6.874893484938213e-4,0.13404461254619718,6.582599913287088e-4,0.016852179649106635,0.001596223217334678,0.02649168093033563,0.01300975538116376,0.002808443091529281,0.8038513558445103,s151
0.03242724944763013,0.4022490712860135,0.03739401733911424,0.44324776895726514,0.007390051739295551,0.038216040227275046,0.005249050797999016,2.8640019193357625e-6,0.03382388620348795,s1512
2.0610513073168324e-6,0.9617269451954809,2.061051346272054e-6,2.734591464652103e-4,0.004065326841598436,2.061055322912679e-6,7.538975073085874e-5,0.03385063485473402,2.061053014175295e-6,s1519
3.3174944780169784e-6,0.9847071448861884,4.4952984957143745e-4,7.443042807218095e-4,3.3174946920119713e-6,0.012610697795803828,3.317505927376946e-6,3.31749528923114e-6,0.001475053197327946,s152
0.7422979667569923,0.24349547299632568,2.438897857538676e-6,1.651002824276178e-4,2.438897702931075e-6,0.002119208001118178,2.438905813740615e-6,2.4388980960828597e-6,0.011912496363665936,s1525
0.0011033719351516314,7.304788161518849e-4,1.4321395061303166e-6,0.9681911659328598,1.432139529881218e-6,0.0025813996285342293,0.01219474482005266,0.015194542448265104,1.4321399486548802e-6,s153
0.0044864701084964065,0.8152360099788573,0.0010953779561420443,0.10221641487399276,0.0324085550014655,6.0334097242003265e-6,6.033410648467335e-6,0.043656993988009915,8.88111272663464e-4,s1531
0.011770426463362509,0.962289909594368,0.002005412072280255,1.9185808479413283e-6,0.009546295408543454,0.014380282126613794,1.9185882877728313e-6,1.9185812668005962e-6,1.9185844294445253e-6,s154
0.004189351800449775,0.006756281030367005,3.960717445077008e-6,0.888103106991191,3.9607166048747594e-6,0.10093145657028448,3.960730315053239e-6,3.960717166966437e-6,3.960726175779756e-6,s155
0.28395692620850116,0.09974399422400729,0.005587142633821237,0.04868171579802799,0.006694786888646454,3.5330504870701955e-6,0.5389144596273185,3.533046503517078e-6,0.016413908522686715,s1550
0.12722984276731042,0.7711003846200345,6.876489361388111e-6,0.058241641095087435,6.876487104996259e-6,6.876499880888725e-6,6.87649422455311e-6,6.876487477322612e-6,0.04339374905951856,s156
4.5903112394011376e-6,0.005360786177019102,4.590311193593325e-6,0.9585616030085313,4.590311530253346e-6,0.0066832088057454,4.590325694325283e-6,0.029371450428795,4.590320251592109e-6,s157
0.32621603073208644,2.993684728490574e-4,2.465569446348381e-6,0.018792221816190065,2.4655695339190096e-6,0.0059659405333548745,0.6487165761651359,2.46556970388058e-6,2.465571699592855e-6,s158
2.126008832520401e-6,3.9531229261502475e-4,2.1260088516060653e-6,0.927290066684281,0.03974738595256915,0.03176162518845049,1.2974424888178616e-4,2.1260090527747474e-6,6.694876064655347e-4,s159
3.5102022131778203e-6,0.9014670314572941,3.5102022359670326e-6,0.020303423499119407,3.5102022470425686e-6,3.510202579268579e-6,3.510202203384844e-6,0.0782084838291459,3.5102029616723103e-6,s16
3.1574355601040185e-6,0.10264237843991339,3.1574314504646365e-6,0.74322922343951,0.11784139432807204,0.0014258008968123295,3.1574353404517327e-6,3.157428733694079e-6,0.03484857316460745,s160
7.592872438794836e-4,0.8437206017144809,2.671012659316096e-6,0.13810832143409382,0.017266538567251598,2.671019425247759e-6,2.671022605028816e-6,2.6710125912423026e-6,1.345669730132678e-4,s161
8.660828834979585e-4,0.9880361086760098,0.0035695119100551736,3.8497534451475165e-4,0.0037940202939656604,7.439424911307443e-5,1.7208193623014066e-6,1.7208146270634793e-6,0.0032714650088543407,s1612
3.2563648474194176e-6,0.9969347957858454,3.256364785999755e-6,2.9321529789611136e-4,3.2563649358128584e-6,0.0022018932732429924,5.5381381351815e-4,3.256365887519322e-6,3.2563690406542883e-6,s1615
2.7899383717492927e-6,0.8394140218663213,0.06120517810695871,7.453608998333765e-4,0.003178444765213138,0.042046937142978566,2.789942938811567e-6,0.0534016873944556,2.789942928759634e-6,s162
7.444522959505168e-6,0.0015593465909728942,7.444523817661285e-6,0.9711453349721619,0.01701046934006848,7.444528327371838e-6,7.44453784021754e-6,7.444523512222365e-6,0.010247626460339703,s163
2.196046612381208e-6,0.9944012443222092,2.1960465138200967e-6,9.14225725316259e-4,2.19604667101e-6,0.0034756612393567234,5.443349584816724e-4,3.449489210453776e-4,3.1299669379358585e-4,s1639
6.066016233342137e-4,0.9752190578367851,8.051312571051917e-6,0.006438733837970403,0.01769535013835487,8.051311874427977e-6,8.051312309474148e-6,8.051311862333122e-6,8.051314938191331e-6,s164
1.7549019074429594e-6,0.9793962358942554,1.7549019017476986e-6,1.7549019176398925e-6,0.005413659386416092,1.7549062674029197e-6,1.7549031756887152e-6,0.014904642035291536,2.7668816886712827e-4,s1642
1.2781002580925478e-4,0.9906526255497063,4.175927602071771e-6,0.006267228993048265,1.9110905925291818e-4,0.002744522650001086,4.17593507280202e-6,4.175928966139092e-6,4.17593054109597e-6,s165
2.2741725690473207e-4,0.9446068257046188,2.2304769146973122e-6,4.363284297826687e-4,2.2304764004521504e-6,0.047271833270890275,5.960651497278599e-4,2.230476650640913e-6,0.006854838758109888,s166
0.00240906453799981,0.7937967028538178,2.0876819184842345e-6,7.781698317175426e-4,2.0876819976680877e-6,0.2016977501082179,0.0013099619373493105,2.087682316598081e-6,2.087684664919761e-6,s167
0.0059642275191617135,0.25020599827226975,2.344540798915224e-4,0.707749411819456,0.006358228923780945,3.7941995056011353e-6,0.003808008730848302,3.7941885200661244e-6,0.025672082266566087,s168
1.6677870952376457e-6,0.934867298850999,4.70470586290246e-4,0.001161505288265668,3.0054001494401073e-4,0.012382001135843331,0.025006117385384663,0.02580873116858514,1.6677825928400313e-6,s169
4.442174853169835e-6,0.08761254282667345,4.442174965849767e-6,0.89733713326672,4.442175579993953e-6,4.442188628207926e-6,0.015023670826957578,4.442176654035652e-6,4.442188967654163e-6,s17
2.383558824155878e-6,0.881065092958862,2.383559278000865e-6,0.014678641782165993,2.3835593817175575e-6,0.00893314864858508,0.056605838690369385,0.012355992000188368,0.026354135242345242,s170
0.11013444950073825,0.10613713074283251,0.0059944195181918175,0.7251090167370261,0.04932522446548263,0.0032916637789472993,2.698423344406203e-6,2.6984149869838104e-6,2.6984184498856405e-6,s171
3.3270909962213486e-6,0.9913161964967588,3.327091804823876e-6,0.0011009725401604396,3.327090934167621e-6,3.3270968833989353e-6,3.327094525153124e-6,0.007562868402511961,3.3270954250903493e-6,s1716
0.020561821546525593,0.9174615143146019,3.8405705364338486e-6,3.840570016392345e-6,0.034118047586636224,3.840581010823427e-6,0.02665996115753526,3.840570888237153e-6,0.0011832931022492722,s173
1.0048161915181713e-5,0.009112154715944284,1.0048161738722751e-5,0.5638356475429304,0.0028379706964121623,0.007609428511506727,0.009855333078519274,1.0048162613016717e-5,0.4067193209684202,s174
0.5502296953736381,0.0013088741524706637,2.8375349699209197e-6,0.08341756770247082,0.003837308778393419,0.14495144491886736,0.19965463991318128,2.837535020290662e-6,0.0165947940909882,s1741
2.892689836739822e-6,2.8926897737127214e-6,2.892689735470086e-6,0.7933901502290788,0.20305243687624275,0.001399706875775273,2.8927000906149522e-6,5.652055190079972e-4,0.001580929730458759,s1749
0.00619884853883143,0.8933528253888666,0.008854688876126867,0.06589990089928394,0.012484841756719552,0.003594780628725515,0.009608925647959829,2.594128247976399e-6,2.594135238220871e-6,s175
2.4313769489313298e-4,0.9991868736165296,2.6978780967334947e-6,2.6978780533299028e-6,2.6978783061212154e-6,5.538014092327638e-4,2.6978826739535064e-6,2.6978785400871217e-6,2.6978836742384363e-6,s1750
0.014594600688093746,0.7883419361656923,2.8189118901694243e-6,0.15165970808690446,0.03107800095999571,0.010668040270673113,3.435848513608505e-4,0.003308491146914383,2.818918475191368e-6,s1755
2.5970068322734736e-6,0.9306251417349534,2.5970070674736576e-6,0.038372001435668705,0.02165508981768408,0.001157190341217664,2.872297401100134e-4,2.59700730693872e-6,0.007895555909159486,s1759
2.697256240098011e-6,0.9371782974655888,2.697234636994382e-6,0.024907138593113182,0.011330788981381814,0.023068939535144585,0.0031626616742140693,2.697235038755673e-6,3.4408202464169694e-4,s176
0.5177950840258376,0.43581246627862336,3.3895760755894073e-6,4.968309525722225e-4,3.389575751892537e-6,0.017085978258062233,3.389588225043734e-6,3.389577005527667e-6,0.02879608216784651,s177
0.001072315798641196,4.408427407484442e-4,3.425506654772055e-6,3.0963101233141935e-4,0.982812490434184,0.01331748283620369,3.4255111608070165e-6,3.4255071243723778e-6,0.002036960652951425,s178
1.232032867217785e-4,0.0397325103960181,2.0325318799136467e-6,0.9587944952587613,2.0325316365486266e-6,2.0325317759612276e-6,2.032532200591329e-6,2.032531601895439e-6,0.0013396283994038473,s179
0.03859443464505844,7.952921773001018e-4,2.2359893307177574e-6,0.9089444959191186,2.235988610982552e-6,0.012072882039037051,2.2359903419223637e-6,2.2359890285335955e-6,0.039583951262173615,s1791
0.0011448791491722409,0.0018124475188626334,3.3916089002951096e-6,0.9622027298048186,0.03080242224898795,0.004023954827502155,3.391615174130008e-6,3.391609534940652e-6,3.3916170471163404e-6,s1797
2.2604174966023564e-6,0.9990325196761012,2.260417712464302e-6,2.2604175200509215e-6,2.2604175856247077e-6,9.516573965818617e-4,2.2604212311747522e-6,2.2604174534934506e-6,2.2604183175149285e-6,s18
2.401194315275934e-6,0.4438650643581403,2.4011906724014183e-6,9.962318982269594e-4,2.401185762197242e-6,0.38838842469032925,0.10248837824548683,0.062266978776865906,0.00198771846020079,s180
0.25263446946850476,0.00125712857291293,2.802728969923482e-6,0.6222205594357083,2.802728495259591e-6,2.8027300715028896e-6,0.12277501972237974,2.8027284706702983e-6,0.001101611884486864,s1805
0.020955483624098107,0.007900692624364632,0.19101377118501214,0.2280492201622969,0.10545425789109421,2.91681131935738e-6,0.018374104536412722,2.916810306568226e-6,0.4282466363550953,s181
2.1965441126540475e-6,0.9763641178136161,2.196544141196192e-6,2.196544104702662e-6,2.1965442551993934e-6,0.019636529945689627,0.002521197499934678,2.1965449099361665e-6,0.0014671720192359727,s1811
2.148966455553088e-6,0.9991357865319649,2.1489665446510235e-6,2.1489664783511094e-6,2.148966721757495e-6,8.49170691593103e-4,2.1489697698167545e-6,2.1489669225469387e-6,2.148973549327318e-6,s1816
6.759958913018159e-4,0.9709657915129484,4.0795863817966253e-4,0.010831361532792032,0.0021375700738579715,0.009659133166640101,0.0018490252774322241,2.2595148243057206e-6,0.0034709043920234063,s182
4.379958639998205e-6,0.004760463654124394,4.37995966706973e-6,2.64369116315786e-4,4.379958851940563e-6,0.9289586332806915,4.379971000980522e-6,4.3799595216948e-6,0.06599463414118656,s1834
0.0011967049358498044,0.9088949076460893,0.015504582366220767,0.03376316710108668,0.04012490254902148,2.309658949527767e-6,3.3140967942745046e-4,2.3096548185172503e-6,1.7970640853653153e-4,s184
0.26091760976621087,7.481603245365901e-4,3.144844430598229e-6,0.022550788211946185,3.144844436865515e-6,0.1288922553742327,0.5868786069433128,3.1448445458447464e-6,3.144846347527354e-6,s185
3.815735847069489e-6,0.11435692014033494,3.815736572557349e-6,0.8856163696905686,3.81573685371322e-6,3.815739522623999e-6,3.815736397467393e-6,3.815736552361418e-6,3.8157473507500136e-6,s1854
3.318467757954955e-6,0.9573165199820995,0.0025617012785844155,3.318467779379572e-6,0.008414067170098235,0.006756659949459534,3.3184753943166954e-6,0.024937777738640785,3.318470185828397e-6,s186
2.152468176348456e-4,0.21280053367406804,0.01837041194046108,0.6842319714547564,0.0156529880253344,0.06828410592654892,2.3894376059797426e-6,2.389434215182562e-6,4.399632893750657e-4,s187
0.08307142425202578,9.753277730258812e-4,1.7002915469191852e-6,0.0032626523343364184,1.7002915880368671e-6,1.7002964615565392e-6,0.9126820941758926,1.700291761158492e-6,1.7002933616409964e-6,s189
7.017293568829259e-6,0.0033274189984197457,0.42080700754420153,7.017279105307812e-6,7.0172790718144e-6,0.045934253690501733,7.0172908212627295e-6,7.017279382958769e-6,0.5298962333449267,s1896
2.9732969816084356e-6,0.9514291788320266,2.973297241286242e-6,2.9732970643656234e-6,2.973297198045161e-6,2.9732969877307723e-6,0.002237502270783735,0.046315479114731745,2.9732969849390343e-6,s19
1.771161757561445e-6,0.9982649843105911,1.7711617610410976e-6,3.15636854870319e-4,1.7711617795277107e-6,0.0013118741062523762,9.864891840249939e-5,1.7711619123525345e-6,1.7711626733215675e-6,s190
0.1482276959947292,0.042074385495745006,3.754929702642102e-6,0.5934269976918684,0.14316645141775436,0.013213337619554011,0.012807841988154147,3.754930019860519e-6,0.04707577993247239,s1907
6.572778370710077e-6,0.9886248066582154,6.572778963260432e-6,0.0016757473162958322,5.048995996744379e-4,0.006020806077152982,6.632836099258222e-4,6.57277982498215e-6,0.0024907384015766774,s191
0.05910950106427882,0.01601758158461928,3.5193056897644546e-6,0.7295035777308427,0.070656858552224,3.5193042760535877e-6,3.519304514817696e-6,3.5193042331278324e-6,0.12469840384932142,s192
4.906253205283028e-6,0.0010102065722534593,4.906256010813247e-6,4.906252672460735e-6,4.9062523627556674e-6,0.9969205174167801,4.9062524761174105e-6,4.906252369211988e-6,0.0020398384918697467,s193
4.792948964253556e-6,0.7468644158088904,0.05902794901167611,4.792940299432496e-6,0.019139817924822958,0.13392538494987255,0.04102326052874809,4.792941160100121e-6,4.792945566081772e-6,s194
7.248125051683302e-6,0.5827477234413022,7.24812639109718e-6,0.3141288536877835,0.007384468365682204,7.248127970783471e-6,7.248126278888415e-6,7.248125059807031e-6,0.09570271387447987,s1946
0.10995228669911535,0.004937571024179608,0.47159340038237585,5.901562080862248e-4,0.18250333798098944,4.425092593192575e-6,4.425090609456794e-6,4.425084660057931e-6,0.23040997243739086,s195
3.37256168713864e-6,0.9211709509020496,3.3725616687594243e-6,0.0388215032106365,0.007205208859617837,3.372566351578202e-6,3.3725636837143907e-6,0.032785474211555615,3.37256274930422e-6,s196
2.3184132876779014e-6,0.9999814526933505,2.318413286139541e-6,2.3184132875182102e-6,2.31841328936611e-6,2.3184135243127733e-6,2.3184132935336e-6,2.31841334069168e-6,2.3184133402201517e-6,s197
1.5424695398542223e-4,0.9782907633528759,2.0503406276080004e-6,0.02110511265848656,2.0503406376649514e-6,2.050341287659579e-6,2.0503407688022357e-6,2.0503406853417356e-6,4.396253306450884e-4,s1970
3.6344127079501986e-4,0.9373566028007506,4.059274774492726e-6,0.0519607601403706,0.010298899414386201,4.059274617027886e-6,4.0592748854115476e-6,4.0592746108052855e-6,4.059274809856096e-6,s198
0.06326344177816991,0.3754353813206773,7.338750890327418e-4,0.45460313675964237,0.036769322550089176,3.090855909853208e-6,0.05565404258889091,3.0908449203540064e-6,0.013534618212667425,s199
0.0010107949955121313,2.8773583463134298e-6,0.006801530511675601,0.9653033047105377,2.877358479800949e-6,2.877365604691571e-6,0.025732414264641183,2.8773589077674126e-6,0.0011404460762948576,s2
4.292141302065433e-6,0.8472775424419412,4.292141402206072e-6,0.014761711513803902,0.006285191210706176,0.06455010821192027,0.06112147920401685,4.292143052003064e-6,0.005991090991855389,s20
0.018451707278187453,0.7304190932089594,4.711415968506693e-6,0.21223035062956394,0.021548439891495966,0.0059843341249156,0.0015826252847598863,8.299198733503606e-4,0.008948818292798845,s200
3.1572812061851326e-6,0.8122160356303622,3.1572812556692667e-6,3.157281398606396e-6,3.1572816889807416e-6,0.0013886033041929492,3.1572883378611464e-6,3.1572814025532564e-6,0.186376417370155,s2009
0.058898157600612004,0.582191810924435,4.260613157444825e-6,4.260612406983983e-6,0.3422195245797796,4.260615358555118e-6,4.260617839337581e-6,4.260612488219254e-6,0.016669203823922934,s201
0.0047191225791604514,0.9259011592640768,0.02299498342281831,4.7695206019173994e-4,0.014934117187979132,0.030247336163498704,7.223458648406518e-4,1.9917281379442874e-6,1.991729296235741e-6,s2016
3.549308675521711e-6,3.549307272255849e-6,0.009651879197840796,3.5493072647353683e-6,3.549307365786367e-6,0.9719701448223202,0.005067917446674259,3.5493075563202893e-6,0.013292311995030167,s202
2.728796346295998e-6,0.5870669496388138,2.7287983260897797e-6,3.6663674469900124e-4,2.7287964885966682e-6,2.7288028847629348e-6,2.7287987661687213e-6,2.7287966470237553e-6,0.41255004082702823,s2025
3.8401352705250555e-6,0.001187654281434344,0.0012202285537611394,0.963454174160972,3.8401355706153e-6,0.0064703995890327696,3.840144363275821e-6,3.840137051167233e-6,0.027652182862544054,s203
0.026618026388270415,0.3878248295230644,1.7443017981829603e-6,1.7443016404147416e-6,1.7443017923430902e-6,0.5774831262060535,1.7443095963115237e-6,1.7443016753776628e-6,0.008065296366109156,s204
2.6061826261305163e-6,2.6061826364800528e-6,0.03933147672952828,0.7071664598030307,2.6061828656790254e-6,0.008331108588051141,0.0011366501960975452,0.24402387994810507,2.6061870589428167e-6,s205
2.3763807573927787e-6,0.900050669511889,2.3763810283868493e-6,0.024724612600908535,0.010972685600147775,0.001709758763685878,0.0334702655934959,2.376380860498979e-6,0.029064878787226613,s206
0.03342119881552211,4.901256346532009e-4,2.6648242641331216e-6,0.751463381269259,0.2121246976631215,0.0024899373108160927,2.6648327659081032e-6,2.664824224384142e-6,2.6648253735487913e-6,s207
3.3936439986665876e-06,0.7223896967903837,0.0030231483653678976,0.11023258871573256,0.009174394616220813,0.10024835564827328,0.046297077862318424,3.3936451702866645e-6,0.008627950712534456,s208
8.103227125874022e-6,0.12079444992037917,0.01644322459958821,8.10322711693614e-6,8.103227145127855e-6,0.11164913995023103,8.103231469075825e-6,8.103227195969976e-6,0.7510726693897486,s209
1.8963049642429142e-5,1.8963049616056023e-5,1.8963049508479037e-5,1.896304964931736e-5,1.8963049679950652e-5,1.896307062016731e-5,0.9998482955744062,1.8963050385198293e-5,1.8963056492177585e-5,s21
2.6343076778097742e-6,0.8211848141444354,2.6343079413200703e-6,2.6343077036981326e-6,2.634307931610771e-6,0.021159262305663326,0.002226007738659487,2.6343082665123758e-6,0.15541674427172075,s210
0.3251636063180944,4.253565604623917e-4,1.803451502863167e-6,0.1820670556941165,1.8034515396104743e-6,1.8034568621516248e-6,0.4923349641634114,1.8034516314140248e-6,1.80345237942672e-6,s211
1.7056763065890666e-6,0.9999863545861782,1.7056763108234379e-6,1.705676304413114e-6,1.7056763797187043e-6,1.7056773863990175e-6,1.705677174196872e-6,1.705676412745825e-6,1.7056775468834165e-6,s2117
2.246647947875135e-6,0.9934598717736889,2.2466479513745116e-6,2.2466479463893525e-6,2.246648016221698e-6,2.2466488499000948e-6,2.246647934827715e-6,0.006524401688452789,2.2466492117546967e-6,s2118
2.3593606890704365e-6,0.9949653089632592,2.3593607254428864e-6,0.002059648438484664,0.002101979464682462,8.612663235331445e-4,2.359366869833008e-6,2.359360747402522e-6,2.3593610087993084e-6,s2119
2.0368631311792895e-6,0.9329502638603888,2.03686318446109e-6,2.0368631215297703e-6,0.0061677230788037656,0.059340134577296,2.0368668453392607e-6,2.0368638733100683e-6,0.0015316941633557245,s212
